1 0 1 0 0 0 0 1 0 1 0 0 1 1 0 1   1
1 1 0 1 0 1 1 1 1 0 1 0 1 1 1 1   2
0 0 1 1 0 1 0 1 1 1 1 0 0 0 0 0   3
0 0 1 1 1 0 1 1 0 1 0 0 0 0 0 1   4
0 0 1 1 0 0 0 0 0 0 0 0 1 0 0 0   5
0 1 0 1 0 1 1 1 1 0 0 0 1 0 1 0   6
1 0 1 0 0 0 0 1 0 1 1 0 0 0 1 1   7
0 0 1 1 0 1 0 1 1 0 0 0 1 0 0 0   8
1 0 1 1 0 0 1 0 1 1 1 0 0 1 0 0   9
1 0 1 0 0 0 0 1 0 1 1 1 1 0 0 1   10
1 0 1 0 0 0 0 1 0 1 1 1 0 0 1 1   11
0 0 1 0 0 0 1 1 0 1 1 1 0 0 1 1   12
0 0 1 1 0 0 0 1 0 1 0 0 0 0 1 1   13
0 0 1 1 0 0 0 1 0 1 1 0 0 0 1 1   14
1 0 1 1 0 0 1 1 0 1 1 0 1 1 1 1   15
0 1 1 1 0 0 1 0 0 1 1 0 1 0 0 1   16
1 1 1 1 0 0 1 0 0 1 1 0 1 0 0 1   17
1 0 1 0 0 0 1 0 1 1 1 0 1 1 0 1   18
1 0 1 1 0 0 1 0 0 1 1 0 0 0 0 1   19
0 0 1 1 0 0 1 0 0 1 1 0 0 0 0 0   20
0 0 1 1 0 1 1 0 1 1 0 1 1 0 0 1   21
1 0 0 1 0 0 1 0 1 1 0 0 0 1 0 1   22
1 0 1 1 0 0 0 0 0 1 1 1 1 0 0 1   23
1 0 0 1 1 0 1 1 0 0 1 1 1 0 0 1   24
1 1 0 1 1 0 1 1 0 1 1 0 1 0 0 1   25
1 0 1 1 1 1 1 0 1 1 0 0 1 1 1 0   26
1 0 1 1 0 0 0 0 0 1 0 1 0 1 1 0   27
0 0 0 0 1 0 1 1 0 1 0 0 0 0 0 1   28
1 0 0 1 1 0 1 1 1 1 1 0 1 0 0 1   29
1 0 1 1 0 0 0 0 0 1 0 0 0 0 1 1   30
1 0 1 1 0 0 0 0 0 1 1 0 0 0 1 1   31
0 0 1 1 1 1 1 0 0 1 0 0 0 1 1 0   32
0 0 1 1 0 0 0 1 0 1 1 0 0 0 0 1   33
0 0 1 1 0 0 1 1 0 1 1 0 0 1 1 1   34
0 0 1 0 0 1 1 0 1 1 0 0 0 1 1 1   35
1 0 1 1 0 0 1 1 0 1 1 0 1 0 1 1   36
0 0 0 1 0 0 1 1 0 1 1 0 1 1 1 1   37
1 1 1 1 0 1 0 1 0 1 0 0 0 0 0 1   38
1 0 1 1 0 1 1 1 0 1 0 0 1 0 0 1   39
1 0 1 1 0 0 1 0 1 1 1 0 0 1 0 0   40
0 0 0 1 0 0 1 1 0 1 0 0 1 1 1 1   41
1 0 0 0 0 1 1 0 1 1 0 0 1 0 1 0   42
1 0 1 0 0 0 0 1 0 1 1 0 1 0 1 1   43
1 0 1 0 0 0 0 0 0 1 1 0 0 0 0 1   44
1 1 0 1 1 0 0 1 0 1 1 1 1 0 0 1   45
0 0 0 1 0 0 1 1 1 1 1 0 0 1 0 1   46
1 0 0 0 1 0 1 1 0 1 1 0 1 0 0 1   47
1 0 1 1 0 0 1 1 0 1 1 0 1 0 0 1   48
1 1 0 0 1 1 1 1 0 1 1 0 1 0 1 1   49
1 0 1 1 0 0 1 0 0 1 1 0 0 1 0 1   50
1 0 1 1 0 0 1 1 0 1 0 0 1 0 0 1   51
0 0 1 1 0 1 0 0 0 1 0 0 0 0 0 0   52
1 0 1 1 0 0 1 0 0 1 1 1 0 0 1 1   53
1 0 0 1 0 0 1 1 0 1 1 0 1 0 1 1   54
1 0 0 0 0 0 1 1 0 1 1 0 0 0 0 1   55
1 1 0 0 0 1 0 1 0 1 0 0 1 1 1 1   56
1 0 0 1 0 0 0 1 0 1 1 0 0 0 1 1   57
1 0 0 1 0 0 0 1 0 1 1 0 0 0 0 1   58
0 0 0 1 0 0 1 1 0 1 0 0 0 1 0 1   59
0 0 1 1 0 1 0 1 1 1 0 0 1 1 1 0   60
1 0 1 0 0 0 1 0 0 1 0 0 0 0 0 0   61
1 0 1 0 0 0 0 0 0 1 0 0 0 0 0 1   62
1 0 1 0 0 0 1 0 0 1 0 1 0 0 1 0   63
1 0 1 0 0 0 0 1 0 1 1 1 0 0 0 1   64
1 0 1 0 0 0 0 0 0 1 0 1 0 0 1 0   65
0 0 1 1 0 0 0 1 0 1 0 1 1 1 1 0   66
0 0 1 1 0 0 0 0 1 1 0 0 1 1 1 0   67
0 0 1 1 0 0 0 0 0 1 0 0 1 0 1 1   68
1 0 1 1 0 0 0 0 1 1 0 0 0 1 1 0   69
1 0 1 1 0 0 0 0 1 1 0 0 1 1 1 1   70
1 0 1 1 0 0 0 1 0 1 1 0 1 0 0 1   71
1 0 0 1 0 0 0 1 0 1 1 0 1 0 0 0   72
0 1 0 0 0 0 1 1 0 1 0 0 0 1 1 1   73
0 0 1 1 0 0 0 0 0 1 0 0 0 0 1 0   74
0 0 1 1 0 0 0 0 0 1 0 0 1 0 0 0   75
0 0 1 1 0 0 1 0 0 1 0 0 0 1 1 0   76
1 0 1 0 0 0 1 1 0 1 1 0 1 0 0 1   77
1 0 1 0 1 0 0 0 0 1 1 0 1 0 0 1   78
1 0 1 1 0 0 0 1 0 1 0 0 1 0 0 1   79
0 0 1 1 0 0 1 0 1 1 0 0 0 1 1 0   80
1 0 0 1 0 0 1 1 0 1 1 0 1 0 1 1   81
1 1 0 1 0 0 1 1 0 1 1 0 1 0 1 1   82
0 0 0 1 0 0 1 0 0 1 0 0 1 0 1 1   83
0 0 1 1 0 0 1 0 0 1 0 0 1 0 1 1   84
0 0 0 0 1 0 1 1 0 1 1 0 1 0 1 1   85
0 0 0 1 0 0 0 1 0 1 1 0 1 1 0 0   86
1 0 0 1 0 0 1 1 0 1 1 1 1 0 0 1   87
1 0 0 1 0 0 0 1 0 1 1 0 1 0 1 1   88
1 0 1 1 0 0 0 0 0 1 1 0 1 0 0 1   89
0 0 1 1 0 0 1 1 0 1 0 0 1 1 0 0   90
1 0 1 1 0 0 0 1 0 1 0 0 1 0 1 1   91
0 1 0 0 0 1 0 1 0 0 1 0 1 0 1 0   92
0 0 1 0 0 0 0 1 0 1 0 0 1 0 0 0   93
1 0 1 1 0 1 1 1 1 1 0 0 0 0 1 1   94
0 1 0 1 0 1 1 1 0 1 1 0 1 1 1 1   95
1 0 0 1 0 0 0 1 0 1 0 0 1 0 0 1   96
1 0 1 1 1 1 0 0 0 1 0 0 0 0 0 1   97
0 0 1 1 0 0 0 0 1 1 0 0 0 0 1 0   98
1 0 1 1 0 0 1 0 0 1 1 1 1 0 0 0   99
1 0 1 1 0 0 0 0 0 1 0 0 0 0 1 1   100
0 0 0 0 0 0 1 0 0 1 0 0 1 0 1 1   101
0 0 1 1 1 0 1 1 0 1 1 0 1 0 0 1   102
1 0 1 1 0 0 0 1 0 1 1 0 1 0 0 1   103
0 0 1 1 0 0 1 0 1 1 0 0 0 1 1 0   104
1 0 0 1 1 0 1 0 0 1 1 0 1 1 0 1   105
1 1 0 1 0 0 0 1 0 1 1 0 1 1 1 1   106
1 0 0 1 0 0 1 0 0 1 1 1 1 1 0 1   107
0 0 0 1 0 0 1 1 0 0 1 0 0 0 1 0   108
1 0 1 0 0 1 1 1 0 1 1 0 1 0 0 0   109
1 1 0 0 1 1 1 1 0 0 0 1 1 1 0 1   110
1 0 1 0 0 0 0 1 0 1 0 0 1 0 0 1   111
1 0 1 1 0 0 1 1 1 1 1 0 0 1 1 1   112
1 0 0 1 0 0 1 1 1 1 0 0 0 0 0 1   113
1 0 0 1 0 0 0 1 0 1 0 0 0 1 0 1   114
0 0 1 1 0 0 0 1 0 1 1 0 1 1 0 1   115
1 0 1 1 0 0 0 1 0 1 1 0 1 1 1 1   116
1 0 0 1 0 0 1 1 1 1 1 0 0 1 1 1   117
0 0 1 1 0 0 0 1 0 1 1 0 0 0 0 1   118
1 0 0 0 0 0 0 1 1 1 1 0 0 1 1 1   119
0 0 1 1 0 0 1 1 0 1 1 0 0 1 1 1   120
0 0 1 1 0 0 1 1 0 1 1 1 0 1 0 1   121
1 0 0 0 0 0 0 1 1 1 1 0 0 1 1 1   122
0 1 1 1 0 0 1 1 0 1 1 0 1 1 1 1   123
0 0 1 1 1 0 1 1 0 0 0 0 1 1 0 1   124
1 0 1 1 1 0 1 1 0 0 0 0 1 0 0 1   125
1 0 1 0 0 0 1 1 0 0 1 0 1 0 1 1   126
0 0 1 1 1 0 1 1 1 0 1 0 1 1 0 0   127
0 0 1 1 0 0 1 1 0 1 1 0 1 0 0 1   128
0 0 1 1 1 0 1 1 0 1 1 0 1 0 1 1   129
0 1 1 1 0 0 1 1 0 1 0 0 1 1 1 0   130
1 1 0 1 0 0 1 1 1 1 1 1 1 1 0 1   131
1 0 1 1 0 0 1 1 0 0 0 0 1 1 0 1   132
1 0 1 1 1 0 1 1 0 1 1 0 1 1 0 0   133
1 0 0 1 0 1 0 1 1 0 0 0 1 0 0 0   134
0 0 0 1 0 0 0 0 1 0 1 0 1 0 0 0   135
0 0 1 0 1 0 1 1 0 1 1 0 1 1 0 1   136
0 0 0 1 0 1 0 1 0 1 1 0 1 1 1 0   137
0 0 1 0 0 0 1 1 1 1 1 0 1 1 0 0   138
1 0 1 1 1 0 1 1 0 1 1 0 1 1 0 1   139
1 0 0 1 1 0 0 1 0 1 0 0 0 0 1 1   140
1 1 0 1 0 0 1 0 0 1 0 0 0 0 0 1   141
1 0 0 1 0 0 0 1 0 1 1 1 1 0 1 1   142
0 0 0 1 0 0 0 1 0 1 1 0 0 0 0 1   143
0 1 0 0 0 1 0 0 1 0 1 0 1 1 0 0   144
1 0 0 1 0 0 1 1 1 1 0 0 1 1 0 0   145
0 0 1 1 0 0 1 1 0 1 0 0 1 0 1 1   146
1 0 1 1 0 0 1 1 0 1 0 0 0 0 0 1   147
1 0 1 0 0 0 1 1 0 1 1 0 1 1 0 1   148
1 0 1 1 0 0 1 1 0 1 1 0 0 0 0 1   149
0 0 1 1 0 0 1 1 0 1 1 0 0 1 0 0   150
0 0 1 1 0 0 1 1 0 1 1 0 0 1 0 1   151
0 0 1 1 0 0 1 1 0 1 1 0 0 1 0 1   152
0 0 1 0 0 0 0 1 1 1 1 0 0 0 0 1   153
1 0 1 1 0 0 1 1 0 1 1 0 1 0 0 0   154
0 0 1 1 0 0 0 1 0 1 1 0 1 1 0 1   155
1 0 1 0 0 0 0 1 0 1 1 0 0 0 0 1   156
0 0 1 0 1 0 1 1 1 1 1 0 0 0 1 1   157
1 0 1 0 0 0 1 1 0 1 1 0 1 0 0 1   158
1 0 1 1 1 1 1 1 1 1 1 0 1 0 0 1   159
1 0 1 1 1 1 1 1 0 1 1 0 1 0 0 1   160
1 0 1 1 1 0 0 1 0 1 0 0 0 0 0 1   161
1 0 1 1 0 0 0 1 0 1 1 0 1 0 0 0   162
0 0 0 1 0 1 0 1 0 1 1 0 0 0 0 0   163
1 0 0 0 1 0 0 1 0 1 1 0 1 0 1 1   164
1 0 0 0 0 0 0 1 0 1 1 0 1 0 0 1   165
1 1 1 0 0 1 1 1 0 1 1 0 1 0 0 1   166
1 0 0 1 0 1 0 1 0 1 1 0 0 0 0 1   167
1 0 1 1 0 0 1 1 0 1 1 0 1 0 1 1   168
1 0 0 1 0 0 0 1 0 1 1 0 1 0 0 1   169
1 0 0 0 0 0 0 1 0 1 1 0 1 0 0 1   170
1 0 0 1 0 0 1 1 0 1 1 1 0 0 0 1   171
1 0 1 1 0 0 1 0 0 1 1 0 0 1 0 1   172
1 0 0 1 1 1 1 1 1 1 1 0 1 1 0 1   173
1 0 1 0 0 0 1 1 1 1 1 0 1 0 0 1   174
1 0 0 0 0 0 0 1 0 0 1 1 1 0 0 0   175
1 0 0 0 0 0 0 1 0 1 1 1 1 0 0 1   176
1 0 0 1 0 0 0 1 0 1 1 0 1 1 0 0   177
0 1 0 0 0 0 0 1 0 0 1 0 1 1 1 1   178
0 0 1 1 0 0 0 1 0 1 1 0 1 1 0 0   179
0 0 1 1 1 0 0 1 1 1 0 0 1 1 0 0   180
0 1 0 1 0 1 1 1 1 1 0 0 1 1 0 0   181
1 0 1 1 0 1 1 1 1 1 1 0 1 0 0 1   182
1 0 1 1 0 0 1 1 1 1 1 0 1 0 0 0   183
1 0 1 1 0 1 1 1 0 1 0 0 1 0 0 1   184
0 0 1 1 0 0 1 1 0 1 1 0 1 1 0 0   185
0 0 1 0 0 0 1 1 0 1 1 0 1 0 0 1   186
1 0 1 0 0 0 1 1 1 0 1 0 1 1 0 1   187
1 1 1 0 0 0 1 1 0 1 1 1 1 1 0 0   188
1 1 1 1 0 0 1 1 0 1 1 0 1 1 0 0   189
0 0 1 1 0 1 0 0 1 1 1 0 1 0 0 0   190
0 0 0 1 0 1 0 1 0 1 1 0 1 1 1 0   191
1 0 1 1 0 1 1 1 0 1 0 0 0 1 0 1   192
1 0 0 1 0 0 0 1 0 1 0 0 0 1 0 1   193
1 0 1 1 0 1 1 1 0 1 0 0 0 1 0 1   194
0 0 1 1 0 1 1 1 0 1 0 0 0 1 0 1   195
1 0 1 1 0 1 1 1 0 1 0 0 0 1 0 1   196
1 0 1 1 0 1 1 1 0 1 0 0 0 1 0 1   197
0 0 1 1 0 1 1 1 0 1 0 0 0 0 0 1   198
0 0 1 0 0 1 1 1 0 1 0 0 0 1 0 1   199
1 0 1 1 0 0 1 1 0 1 0 0 1 1 0 1   200
1 0 1 1 0 1 0 1 0 1 0 0 0 0 0 1   201
1 0 1 1 0 0 1 1 0 1 1 0 0 0 1 0   202
1 0 1 0 0 0 0 1 1 1 0 0 1 0 0 0   203
1 1 0 0 0 1 0 1 1 0 1 0 1 1 1 1   204
1 0 1 0 1 0 1 1 1 1 1 0 0 1 0 1   205
1 0 1 0 1 0 1 1 0 1 0 1 1 1 0 1   206
0 0 1 0 1 0 1 1 0 1 0 0 0 0 0 1   207
0 0 0 0 0 1 1 1 0 1 1 0 1 1 1 1   208
0 0 1 0 0 1 1 1 1 1 1 1 1 0 1 0   209
1 1 1 0 0 1 1 1 1 1 1 0 0 1 1 1   210
1 0 0 1 0 0 1 1 0 1 1 0 1 1 1 1   211
1 0 0 1 0 0 1 1 0 1 1 1 1 1 0 1   212
1 0 0 1 0 0 1 1 0 1 1 1 1 1 0 1   213
0 0 1 0 1 1 1 0 0 1 0 0 1 1 0 0   214
1 0 0 1 0 0 1 1 0 1 1 1 1 1 0 1   215
1 0 0 1 1 0 0 1 0 1 1 1 1 0 0 1   216
0 0 1 0 0 0 0 1 0 1 1 0 0 1 0 1   217
0 0 1 0 0 0 1 1 0 1 1 0 1 1 1 1   218
1 1 1 0 0 1 1 0 1 1 0 0 0 1 0 0   219
1 0 0 1 0 0 1 1 0 1 0 1 1 1 0 0   220
1 0 0 1 0 0 1 1 0 1 1 0 0 0 0 1   221
0 1 0 1 1 0 1 1 0 0 1 0 1 1 0 1   222
1 0 0 0 0 0 1 1 0 1 1 0 0 1 1 1   223
0 1 0 1 0 0 0 1 0 0 1 0 1 1 0 1   224
1 0 0 0 0 0 0 1 0 1 1 0 0 1 0 1   225
1 0 1 0 0 0 0 1 0 0 1 0 1 0 0 1   226
0 0 1 0 0 1 0 1 0 1 1 0 1 0 0 1   227
1 0 1 0 1 0 1 0 0 1 0 0 1 0 1 1   228
1 0 1 1 0 0 1 1 0 0 1 0 1 0 0 1   229
1 0 0 1 0 0 0 1 0 1 1 0 1 0 0 1   230
1 0 1 1 1 0 1 1 0 0 1 0 1 0 0 1   231
1 0 1 0 0 0 1 0 0 1 1 0 1 0 1 1   232
1 0 1 0 0 0 0 0 0 1 1 0 0 1 0 1   233
1 0 1 1 0 0 1 0 1 1 1 0 0 0 0 1   234
1 0 1 0 0 0 0 1 0 1 1 0 0 1 0 1   235
1 0 1 1 0 0 0 0 0 1 1 0 1 1 1 0   236
1 0 1 0 0 1 1 1 0 1 1 0 1 0 1 1   237
0 0 0 0 0 0 0 1 0 1 1 0 1 0 0 1   238
0 0 0 1 0 0 0 1 0 1 0 0 1 0 0 0   239
1 0 0 0 0 0 0 1 0 0 1 0 1 0 1 1   240
1 0 1 1 0 0 0 1 0 1 0 0 1 0 1 1   241
1 0 0 1 0 0 0 1 0 0 1 0 1 1 0 1   242
1 0 1 0 1 0 1 0 1 0 1 0 1 0 0 1   243
1 0 1 1 1 0 0 0 0 1 0 0 1 0 1 1   244
1 0 1 0 0 0 1 1 0 1 1 1 1 0 1 1   245
1 1 1 0 0 0 1 1 0 1 0 0 1 1 0 0   246
0 0 1 1 1 1 1 1 1 1 0 0 1 0 1 1   247
0 0 1 0 1 0 1 1 1 1 1 0 0 0 1 0   248
0 0 1 0 0 1 1 1 1 1 1 0 0 1 1 1   249
0 0 1 0 0 1 1 1 1 1 0 0 0 1 1 0   250
0 1 1 0 0 1 1 1 1 1 1 1 1 0 1 1   251
1 0 1 1 0 0 1 0 0 1 0 0 1 0 1 1   252
1 0 1 1 0 0 0 0 0 1 0 0 1 1 1 1   253
1 0 1 1 0 0 1 0 0 1 0 0 1 0 1 1   254
1 0 1 1 0 0 0 0 0 1 0 0 0 0 1 0   255
1 1 1 1 0 0 0 0 0 1 0 0 1 0 0 1   256
1 0 1 1 0 0 1 1 0 1 1 0 1 0 0 1   257
0 0 1 0 0 0 0 0 0 1 0 0 1 1 1 0   258
1 0 1 1 0 0 1 1 0 1 1 0 1 0 1 1   259
0 0 0 1 0 0 0 1 0 0 0 0 1 0 1 0   260
1 0 1 0 0 0 1 0 0 1 1 0 1 0 1 1   261
0 1 1 0 0 0 0 0 0 1 0 0 0 0 1 0   262
1 0 0 1 0 0 0 1 0 1 1 0 0 0 0 1   263
0 0 0 1 0 0 1 1 0 1 1 0 1 0 1 1   264
1 1 0 1 0 0 0 1 0 1 1 0 1 1 1 1   265
1 0 1 1 0 1 0 1 0 1 1 0 0 1 1 1   266
1 0 0 1 0 0 1 1 0 1 1 1 1 1 0 1   267
1 0 0 1 0 0 1 0 0 1 0 0 0 1 1 0   268
0 0 1 0 1 0 1 0 0 1 1 0 1 0 1 0   269
1 0 1 0 0 1 0 1 1 1 1 0 1 1 0 0   270
1 0 0 1 0 0 1 1 0 1 1 1 1 1 0 1   271
1 0 1 0 1 1 0 1 1 1 0 0 0 0 0 0   272
1 1 1 0 1 0 0 1 0 1 0 0 1 0 1 0   273
0 0 1 0 0 1 0 1 1 1 0 0 1 0 1 1   274
1 0 1 1 0 1 0 1 0 1 0 0 1 0 1 1   275
1 0 0 1 0 0 1 1 0 0 1 0 0 1 0 1   276
0 0 1 1 0 0 1 0 0 1 1 0 1 0 1 1   277
0 1 1 1 0 0 0 0 1 1 0 0 1 1 1 0   278
0 0 1 1 0 0 0 0 0 1 0 0 1 1 0 0   279
1 1 1 0 0 0 0 0 0 1 0 0 1 0 0 0   280
1 0 1 1 1 0 1 1 0 1 1 0 1 0 1 1   281
0 0 0 1 0 0 1 1 0 1 0 0 1 0 1 1   282
1 0 1 1 0 0 0 1 0 1 1 0 0 0 0 1   283
0 0 1 0 1 0 1 1 1 1 1 0 0 1 1 0   284
1 0 0 1 0 0 0 1 0 1 1 0 0 0 0 0   285
0 0 1 0 0 0 0 0 0 1 0 0 1 0 1 0   286
1 0 0 1 0 0 1 1 1 1 0 0 1 1 1 1   287
1 1 0 1 0 0 1 1 0 1 1 0 1 1 1 1   288
0 0 0 1 0 1 0 1 1 1 1 0 1 0 1 1   289
0 1 1 1 0 0 0 1 0 1 1 0 1 0 1 1   290
1 1 1 1 1 0 0 0 0 1 0 0 0 1 1 0   291
1 0 0 1 1 0 1 1 0 1 1 1 1 0 1 0   292
1 1 1 1 0 0 1 1 0 1 1 0 0 0 1 1   293
1 1 0 0 0 0 0 1 0 1 1 1 1 0 0 1   294
0 0 1 0 1 0 0 1 0 1 1 1 0 0 1 1   295
1 1 1 0 0 0 0 1 0 1 1 0 0 1 0 1   296
0 0 1 0 0 0 0 1 0 1 1 0 0 1 1 1   297
1 0 0 1 1 0 1 1 0 1 1 0 1 1 1 1   298
1 0 1 1 0 1 0 0 0 1 1 0 1 1 1 1   299
1 0 0 1 1 0 1 1 0 1 1 1 1 1 0 1   300
1 0 0 1 0 0 1 1 0 1 1 1 1 1 1 0   301
1 0 0 1 1 0 1 1 0 1 1 0 1 1 1 1   302
1 0 0 1 0 0 1 1 0 1 1 0 1 0 1 1   303
1 0 1 0 1 0 1 0 0 0 1 0 1 0 0 1   304
1 0 0 1 1 0 1 1 0 1 1 1 1 1 1 0   305
0 0 1 0 1 1 1 1 1 1 0 1 0 0 1 1   306
1 1 1 1 0 1 1 1 1 1 0 0 1 0 1 1   307
1 0 1 1 0 1 0 1 0 1 0 0 0 1 1 0   308
1 1 1 0 0 1 0 1 1 1 1 0 0 1 0 1   309
1 0 0 0 0 1 1 1 1 1 1 0 0 1 1 1   310
1 1 1 1 0 0 1 1 0 1 1 0 1 0 0 1   311
0 0 1 0 1 1 1 1 0 1 0 0 1 0 1 0   312
1 0 0 1 0 0 1 0 0 1 1 0 1 0 0 1   313
1 0 1 0 0 1 1 0 0 1 0 0 1 0 1 1   314
1 0 1 0 0 0 0 0 0 1 0 1 1 0 0 1   315
1 0 1 0 0 1 1 1 0 1 0 1 1 1 0 0   316
0 1 0 0 0 0 1 1 0 1 0 0 1 1 0 0   317
0 0 0 0 0 0 1 1 0 1 0 0 1 0 0 0   318
1 0 1 1 0 0 0 1 0 1 0 0 1 1 0 0   319
0 0 0 0 1 1 1 1 0 1 0 0 1 1 0 1   320
0 0 1 1 0 1 0 1 1 1 0 0 1 1 1 1   321
1 0 0 1 1 0 0 1 0 1 1 0 1 0 0 1   322
1 0 0 1 0 0 1 1 0 1 1 0 0 0 0 0   323
0 0 0 1 0 0 0 1 0 1 1 1 0 0 0 1   324
0 0 1 1 0 0 0 1 0 1 1 0 1 1 1 1   325
0 0 0 0 0 0 0 0 0 1 1 0 1 1 1 1   326
1 0 1 0 0 0 0 1 0 1 1 0 1 1 0 1   327
1 0 1 0 0 1 0 1 1 1 0 1 1 1 0 1   328
0 0 0 0 1 0 1 1 1 1 1 1 1 0 1 1   329
1 1 0 1 1 0 0 1 0 1 1 1 1 1 0 1   330
1 0 1 0 0 0 0 1 0 1 1 0 0 0 1 1   331
1 0 0 0 0 0 0 1 0 1 1 0 0 1 1 1   332
1 0 1 0 0 0 1 0 0 1 1 0 1 1 1 0   333
1 0 0 1 1 0 0 1 0 1 1 0 1 0 0 1   334
1 0 0 1 0 0 1 1 0 1 1 0 1 0 0 1   335
1 0 0 1 1 0 1 1 0 1 0 0 1 0 0 1   336
1 0 1 1 0 0 1 1 1 1 1 0 1 1 0 1   337
0 0 0 1 0 0 1 0 0 0 1 0 1 1 0 1   338
1 0 1 1 0 0 0 0 0 1 0 0 1 0 1 0   339
1 0 0 1 0 0 1 0 0 1 1 0 1 1 0 1   340
1 1 1 1 0 1 0 1 0 1 0 0 0 0 0 1   341
1 1 1 1 0 0 0 0 0 1 0 0 0 1 1 0   342
0 1 1 1 0 0 0 0 0 1 0 0 1 0 1 1   343
1 1 1 0 0 0 0 1 0 1 1 0 1 0 1 1   344
1 0 1 0 0 0 0 1 0 1 1 1 1 1 1 1   345
1 1 1 0 1 0 0 1 0 1 1 1 0 0 0 1   346
0 0 0 1 0 0 0 0 1 1 0 0 1 1 1 1   347
1 0 1 0 0 0 0 0 0 1 0 0 0 0 1 1   348
1 0 0 1 0 0 1 1 1 1 1 0 0 1 1 1   349
1 1 1 1 0 1 1 1 1 1 1 0 1 1 1 1   350
1 1 1 1 0 0 1 1 1 1 0 0 0 0 0 1   351
1 0 0 1 0 0 0 1 0 1 1 0 1 0 0 1   352
1 1 1 0 0 0 0 1 0 1 1 0 1 1 0 1   353
1 0 0 1 0 0 0 1 0 1 1 1 1 0 0 1   354
1 0 0 0 0 0 0 1 0 1 1 0 1 0 1 0   355
1 0 1 0 0 1 1 0 0 1 0 0 1 0 1 1   356
1 0 1 0 1 0 1 0 1 1 1 0 1 0 1 1   357
1 0 0 1 0 0 0 1 0 1 1 0 1 0 0 1   358
1 0 1 1 0 0 1 1 0 1 1 0 1 0 0 1   359
1 1 0 1 1 0 1 1 0 1 0 0 0 0 1 1   360
1 0 1 0 0 0 0 0 0 1 1 0 1 0 1 0   361
1 0 0 0 1 0 0 1 0 1 1 1 1 1 0 1   362
1 1 1 0 0 0 1 0 0 1 1 0 1 0 1 1   363
1 0 0 0 1 1 1 1 0 1 0 1 1 0 0 1   364
1 0 1 1 1 1 1 0 1 1 1 0 0 1 0 0   365
0 0 0 1 1 0 1 1 0 1 0 0 1 1 1 1   366
1 0 1 0 1 0 0 1 0 1 1 1 1 0 0 1   367
1 0 1 0 0 0 0 1 0 1 1 0 0 0 0 1   368
0 1 1 1 0 0 1 0 1 1 1 0 1 1 1 1   369
1 0 1 0 0 0 0 1 0 1 1 0 0 0 1 1   370
1 1 1 1 0 1 1 1 0 1 0 0 0 0 0 0   371
1 0 1 1 0 0 0 0 0 1 1 0 0 0 0 1   372
1 0 1 0 0 0 0 0 0 1 0 0 0 0 1 0   373
1 0 1 0 0 0 0 0 0 1 1 0 0 0 1 0   374
0 0 1 1 0 1 0 0 1 1 0 0 1 1 1 0   375
0 1 1 1 0 0 0 0 1 1 0 0 1 1 1 1   376
1 0 0 1 0 0 1 1 0 1 1 0 1 1 0 1   377
1 0 1 1 0 0 0 0 1 1 0 0 1 1 0 0   378
1 1 1 1 0 0 0 0 0 1 0 0 0 1 0 1   379
1 0 1 0 0 0 0 0 0 1 1 0 1 1 0 1   380
1 0 1 0 0 0 0 1 0 1 1 0 0 1 0 1   381
1 0 1 1 0 0 0 0 0 1 1 0 0 0 0 1   382
1 0 1 1 0 0 1 0 1 1 1 0 1 1 0 1   383
1 0 1 1 0 0 0 0 0 1 0 0 0 0 1 0   384
1 1 1 1 0 1 0 1 1 1 0 0 0 1 0 0   385
1 1 1 1 0 0 1 0 0 1 0 0 1 0 1 1   386
1 0 1 0 0 0 0 1 0 1 1 0 0 0 1 0   387
1 1 0 1 0 0 1 1 0 1 1 1 1 1 0 1   388
1 1 1 1 0 0 0 1 0 1 1 0 0 0 0 1   389
1 0 1 1 0 0 1 1 0 0 1 1 1 0 0 1   390
1 0 1 0 0 0 1 1 0 0 0 0 1 1 0 1   391
0 1 1 1 0 0 0 1 0 1 1 0 1 0 0 1   392
0 0 1 1 1 0 0 0 0 0 1 0 1 0 0 0   393
0 0 1 1 1 0 1 0 0 0 1 0 1 0 0 1   394
0 0 1 1 0 1 1 0 0 1 0 0 1 0 1 1   395
0 0 1 1 1 0 1 0 0 1 0 0 1 0 1 1   396
1 0 1 1 0 0 1 0 0 1 1 0 1 0 0 1   397
0 0 1 1 0 0 1 0 0 1 1 0 1 0 0 1   398
1 0 1 0 1 0 1 1 1 1 0 0 1 0 1 1   399
1 0 0 0 1 0 0 1 0 1 1 0 1 1 0 1   400
0 1 0 1 1 0 1 1 0 1 1 0 1 0 0 1   401
0 0 1 0 1 0 0 1 0 0 1 0 1 0 0 1   402
1 0 0 1 0 0 1 0 1 1 1 0 1 1 0 1   403
1 0 0 1 1 0 0 1 0 1 1 0 1 1 0 1   404
1 0 1 0 0 0 1 0 1 0 1 0 1 0 1 1   405
0 0 1 1 1 0 1 0 0 1 0 0 1 0 0 1   406
1 0 1 1 0 0 0 1 0 0 0 0 1 0 0 1   407
1 1 1 0 1 1 1 0 1 1 1 0 0 1 1 1   408
1 0 1 0 0 1 0 1 0 1 1 0 1 0 0 0   409
1 0 1 0 0 0 1 1 0 1 1 0 0 0 0 0   410
1 0 1 1 0 0 1 0 0 0 1 0 1 1 1 1   411
1 1 1 1 0 0 1 1 1 1 0 0 0 1 1 0   412
0 0 1 1 0 0 1 1 1 1 0 0 1 1 1 0   413
1 0 1 1 0 0 1 0 1 0 1 0 1 1 0 1   414
0 1 1 1 0 1 1 1 0 1 0 0 0 1 1 0   415
1 1 1 1 0 0 0 1 0 1 0 0 0 0 0 1   416
1 1 1 1 0 1 1 1 0 1 0 0 1 1 0 1   417
0 0 0 0 1 0 1 1 0 1 0 0 1 0 0 0   418
1 0 1 0 0 1 0 1 1 1 1 0 0 1 0 1   419
1 0 0 1 0 0 0 1 0 1 1 0 1 0 0 1   420
1 0 1 1 0 1 0 1 0 1 1 0 1 0 0 0   421
1 0 1 1 0 1 1 1 0 1 1 0 1 1 0 1   422
1 0 1 1 0 1 1 1 0 1 1 0 0 0 0 1   423
1 0 0 0 0 0 0 1 0 0 1 0 0 0 1 1   424
1 1 1 1 0 0 1 1 0 1 1 0 1 1 0 1   425
1 0 0 1 0 1 1 1 0 1 0 1 1 1 0 1   426
0 1 1 0 0 0 1 1 0 0 0 0 1 0 0 0   427
1 0 1 1 0 0 1 0 1 1 1 0 0 0 0 1   428
1 0 0 1 0 0 1 1 0 1 1 0 1 0 0 1   429
1 0 1 1 0 0 1 1 1 1 1 0 0 0 0 1   430
1 0 1 0 0 0 1 1 1 1 1 0 0 0 0 1   431
1 0 1 1 0 0 1 1 1 1 1 0 1 0 1 1   432
1 0 0 1 0 0 1 1 1 0 1 0 1 1 0 1   433
1 0 1 0 0 0 1 1 1 1 1 0 0 1 0 0   434
0 1 0 1 0 0 0 1 1 0 0 0 1 0 0 0   435
1 0 1 0 0 0 1 1 0 1 1 0 0 0 0 1   436
1 0 0 0 0 0 1 1 0 1 1 0 1 0 0 1   437
0 0 0 1 0 0 1 1 0 1 1 0 1 0 0 1   438
1 0 1 0 0 1 1 1 1 1 1 0 1 1 0 1   439
1 0 1 1 0 1 1 0 0 1 1 0 0 0 0 1   440
1 0 0 0 0 0 1 1 0 1 1 0 0 0 0 1   441
1 0 0 1 0 0 0 1 0 1 1 1 1 1 1 1   442
1 0 0 1 0 0 1 1 0 1 0 1 1 1 0 0   443
0 1 1 0 0 1 1 0 1 1 1 0 1 1 0 1   444
0 0 1 0 1 0 1 1 0 1 1 0 1 0 1 0   445
1 0 0 1 0 0 0 1 0 1 1 0 1 1 0 1   446
1 1 1 1 0 0 0 0 0 0 0 0 1 0 0 1   447
1 1 1 1 0 0 0 1 0 1 1 0 1 0 0 1   448
1 0 0 0 0 1 0 1 0 1 1 0 1 1 1 0   449
0 0 1 0 0 1 1 1 1 1 1 0 1 1 1 1   450
1 0 0 1 0 0 1 1 0 1 0 0 0 0 0 1   451
0 1 0 1 0 1 1 1 0 1 0 0 1 1 0 1   452
1 0 0 0 0 0 1 1 0 1 0 0 1 0 0 1   453
1 0 0 0 0 0 1 0 0 0 1 0 0 0 0 1   454
0 0 1 1 1 0 0 1 0 0 1 0 1 0 0 0   455
0 1 1 1 1 0 0 0 1 0 0 0 1 1 0 0   456
1 0 0 0 0 0 0 1 0 1 0 0 0 0 1 0   457
1 0 1 0 0 0 0 1 0 1 1 0 1 0 1 1   458
1 0 0 0 0 0 1 1 0 1 1 0 0 0 1 1   459
1 0 0 1 0 0 1 1 0 0 1 0 1 1 0 0   460
0 0 1 1 0 0 0 1 0 0 1 0 1 0 0 0   461
1 0 0 1 0 0 0 0 0 0 0 0 1 0 0 0   462
1 0 0 1 0 0 1 1 0 1 1 0 0 0 1 1   463
1 0 0 1 0 0 1 0 0 1 0 0 0 0 0 0   464
1 0 0 1 0 1 1 1 0 1 1 1 1 1 1 1   465
1 0 1 0 1 0 1 1 0 1 1 0 0 0 0 1   466
1 0 0 1 0 0 1 1 0 1 1 1 1 1 1 1   467
0 0 1 1 0 0 1 1 0 1 0 0 0 0 0 1   468
0 0 0 0 0 0 1 1 0 1 0 0 0 0 0 1   469
1 0 1 1 0 0 0 1 1 1 1 0 1 0 1 1   470
1 0 1 1 1 0 1 1 0 1 1 0 1 0 0 1   471
1 0 0 1 0 0 1 1 0 1 1 1 1 1 1 0   472
1 0 0 1 0 0 0 1 0 1 1 0 1 0 1 0   473
1 0 0 1 0 0 0 1 0 1 0 1 1 1 0 0   474
0 0 0 0 0 1 1 0 1 1 1 0 1 1 1 1   475
0 0 1 0 0 1 1 1 1 1 1 0 1 0 0 0   476
0 1 1 0 0 1 1 1 1 1 1 0 1 1 1 1   477
0 0 1 1 1 0 1 1 0 1 1 0 1 1 0 0   478
0 0 1 0 1 0 1 1 1 1 0 0 1 1 1 0   479
0 0 1 0 0 0 1 1 1 1 0 0 1 1 0 1   480
1 1 0 1 0 0 0 1 0 1 0 0 0 0 0 0   481
0 0 0 1 0 0 0 1 0 1 1 0 0 1 0 1   482
1 0 0 1 0 0 1 0 0 1 0 0 0 0 0 1   483
0 1 0 0 0 0 1 1 1 1 1 1 1 1 1 1   484
0 1 1 1 0 1 1 0 0 1 0 0 1 1 0 1   485
1 0 0 0 1 1 1 1 0 1 1 0 1 0 0 1   486
1 0 0 0 0 0 0 1 0 1 1 0 0 0 0 0   487
1 0 1 1 0 0 1 1 0 1 1 0 0 0 0 1   488
1 0 0 0 0 0 1 1 0 1 1 0 1 0 0 1   489
1 1 1 0 1 0 1 1 0 1 0 0 0 1 0 1   490
1 1 1 1 0 0 1 1 0 1 0 1 1 1 0 1   491
0 0 0 1 0 1 0 0 1 1 0 0 1 0 1 1   492
1 0 1 1 1 0 1 1 0 0 0 0 1 0 0 0   493
1 0 1 0 0 1 1 1 0 1 0 0 1 0 0 1   494
1 0 1 0 0 1 1 1 1 1 0 0 0 0 0 0   495
1 0 0 1 0 0 0 1 0 1 0 1 1 1 0 1   496
1 0 0 1 0 1 0 1 0 1 0 1 1 0 0 1   497
1 0 1 1 0 1 1 1 0 1 0 0 0 1 0 1   498
1 0 1 1 0 0 1 1 0 1 1 0 1 0 0 1   499
1 1 1 0 1 1 0 0 0 1 1 1 0 0 1 1   500
1 0 0 0 0 1 1 0 1 1 1 0 1 1 1 0   501
0 0 1 1 0 0 0 1 0 1 1 0 1 1 0 1   502
0 0 1 0 0 1 0 1 1 1 1 0 1 0 1 1   503
1 0 1 1 0 0 0 1 0 1 0 0 0 0 1 0   504
1 0 1 1 1 0 0 0 0 1 0 0 0 1 1 0   505
1 0 0 1 0 0 1 1 0 1 1 0 0 0 0 1   506
1 0 0 0 0 0 0 1 0 1 1 0 1 0 1 0   507
1 0 1 0 0 0 0 1 0 1 0 0 1 0 0 0   508
1 0 1 1 0 0 0 1 0 1 0 0 1 0 0 0   509
1 0 0 0 0 0 0 1 0 1 0 0 1 0 0 0   510
1 0 1 1 0 0 0 1 0 1 0 0 1 0 0 1   511
1 0 1 1 0 0 1 1 0 1 1 0 1 1 0 1   512
1 0 1 0 0 1 1 1 1 1 1 0 1 1 0 0   513
0 0 1 0 1 0 0 1 0 0 0 0 0 1 0 0   514
0 0 1 0 0 0 1 1 0 1 0 0 0 1 0 0   515
1 0 0 1 0 0 1 0 0 0 1 0 1 0 0 1   516
1 1 0 1 1 0 0 1 0 1 1 0 1 0 0 1   517
0 0 1 1 1 1 0 0 0 1 1 1 1 0 0 1   518
1 0 1 1 1 1 1 1 0 1 0 0 0 1 0 0   519
1 0 1 1 1 0 1 1 0 1 0 0 1 0 0 1   520
1 1 1 1 1 0 1 1 0 1 0 0 0 0 0 0   521
1 0 0 1 0 0 0 1 0 1 1 0 1 1 0 1   522
1 0 1 1 0 0 1 1 0 1 1 0 1 1 0 0   523
1 0 1 0 1 0 1 1 1 1 0 0 0 0 1 1   524
1 1 0 1 0 1 1 0 0 1 1 0 1 1 1 1   525
0 0 0 1 0 0 1 1 0 1 0 0 1 1 1 0   526
1 0 1 1 0 1 1 0 1 1 0 0 0 1 1 0   527
0 0 1 1 0 0 0 0 0 1 0 0 1 1 1 0   528
0 0 1 1 1 0 1 1 0 1 1 0 1 0 0 0   529
1 0 1 1 1 1 1 1 0 1 0 0 1 1 1 1   530
1 0 1 1 0 0 0 1 0 1 0 0 1 1 1 1   531
1 0 1 1 1 0 1 1 0 1 1 0 1 1 0 1   532
0 0 1 1 0 1 1 1 0 1 0 0 1 1 1 0   533
1 0 0 0 0 0 0 1 0 1 1 1 1 1 1 0   534
1 0 1 0 0 0 0 0 1 1 1 0 1 1 0 0   535
1 0 0 1 0 0 1 1 0 1 1 1 1 1 1 1   536
1 0 0 1 0 0 1 1 0 1 1 1 1 1 0 1   537
1 0 0 1 0 0 1 1 0 1 1 1 1 1 1 1   538
1 0 0 1 0 0 1 1 1 1 1 1 1 1 1 1   539
1 0 1 1 0 0 1 1 0 1 1 0 1 1 1 1   540
0 0 1 1 1 1 0 1 0 1 1 0 1 1 1 0   541
1 0 0 1 0 0 1 1 0 1 1 0 0 0 0 1   542
1 0 0 0 0 0 0 1 0 1 1 0 1 0 0 1   543
1 0 1 1 1 0 1 0 0 1 0 0 0 1 1 0   544
1 0 0 1 0 0 1 1 0 1 1 0 1 1 0 0   545
1 0 1 0 0 1 1 1 0 1 1 0 1 1 0 0   546
0 1 0 1 0 0 1 1 0 1 1 0 1 1 1 1   547
1 0 1 1 0 1 1 1 0 1 1 1 1 1 1 1   548
1 0 1 1 0 0 1 1 0 1 1 0 1 1 1 1   549
0 0 1 1 0 0 1 1 0 1 1 1 1 1 1 0   550
1 0 0 1 0 0 0 1 0 1 1 1 1 0 0 1   551
1 0 1 1 0 0 1 1 0 1 1 0 1 1 0 1   552
1 1 1 1 0 0 1 1 0 1 0 0 1 1 0 1   553
0 0 0 1 0 0 0 1 0 1 1 0 1 0 0 1   554
0 0 1 0 0 1 1 0 0 1 0 0 0 1 1 1   555
1 0 0 1 0 0 0 0 0 0 0 0 1 0 1 1   556
1 0 1 1 0 1 0 1 0 0 1 0 1 0 0 1   557
1 0 1 1 0 0 1 0 1 1 0 0 1 1 1 0   558
1 0 1 0 0 1 0 1 0 1 0 0 1 0 1 1   559
0 0 1 0 0 0 0 0 0 1 0 0 0 1 0 0   560
1 0 1 1 0 0 0 0 0 1 0 0 0 0 1 0   561
1 0 1 1 1 1 1 1 0 1 1 0 1 0 1 0   562
1 0 1 1 0 0 0 1 0 1 1 0 0 0 1 1   563
1 1 1 1 0 0 0 0 0 1 0 0 0 1 1 0   564
1 0 1 1 0 0 0 0 0 1 0 0 0 0 0 0   565
0 0 1 0 0 0 0 0 0 1 0 0 0 1 1 0   566
1 0 1 1 0 0 0 0 0 1 0 0 0 0 1 0   567
1 1 1 1 0 0 0 0 0 1 1 0 1 0 1 0   568
1 0 1 1 0 0 0 0 0 1 0 0 1 0 0 0   569
1 0 0 1 0 0 0 1 0 1 0 0 0 0 1 1   570
1 0 1 1 0 0 0 1 0 1 0 0 1 0 0 1   571
0 0 1 0 0 0 0 0 0 1 0 0 1 1 0 0   572
0 1 1 0 0 0 1 1 1 1 0 0 0 0 0 1   573
0 0 0 1 0 0 1 0 0 1 1 0 0 1 0 1   574
0 0 1 1 0 0 0 1 0 0 0 1 1 0 0 1   575
1 0 1 0 0 0 1 1 1 1 1 0 1 1 1 1   576
1 0 1 0 0 0 1 1 0 1 1 0 1 1 0 1   577
1 0 1 1 0 0 0 0 0 1 0 0 0 0 0 0   578
0 0 1 1 0 0 0 0 0 1 0 0 0 0 0 0   579
0 0 1 1 0 0 0 0 0 1 0 0 1 1 1 0   580
0 0 0 1 0 1 0 0 1 1 1 0 1 0 1 1   581
0 0 0 1 0 1 1 1 0 1 1 0 1 0 1 1   582
0 0 1 1 0 1 1 1 0 1 0 0 0 0 0 1   583
1 1 1 1 1 0 1 1 0 1 0 0 0 0 0 1   584
1 0 1 1 0 0 1 0 0 1 0 0 1 0 0 1   585
0 0 1 1 0 1 0 1 0 1 1 0 1 1 0 1   586
1 0 0 1 0 1 0 1 1 1 0 0 0 0 0 1   587
0 1 1 1 0 1 0 1 0 1 0 0 1 1 0 1   588
0 0 1 1 0 1 0 1 1 1 0 0 0 1 0 1   589
0 0 1 1 0 1 1 1 0 1 0 0 0 1 0 1   590
0 0 1 1 0 1 0 1 1 1 0 0 0 1 0 1   591
0 0 1 1 0 1 0 1 0 1 0 0 1 0 0 1   592
1 0 0 1 0 0 0 1 0 1 1 0 0 1 0 1   593
0 0 1 1 0 1 0 1 0 1 1 0 0 1 0 1   594
0 0 1 1 0 1 0 1 0 1 0 0 1 1 0 1   595
1 0 0 0 0 1 1 1 1 1 1 0 0 1 1 1   596
1 0 1 0 0 1 1 1 1 1 0 0 1 1 0 1   597
0 0 1 0 0 1 1 1 1 1 1 1 0 0 1 1   598
0 0 1 0 0 1 1 0 1 1 0 0 0 1 1 1   599
0 0 1 0 0 0 1 0 1 1 0 0 0 0 1 0   600
1 0 0 1 1 1 1 1 0 1 1 0 1 0 0 1   601
0 0 1 1 0 0 0 0 1 1 0 0 1 1 1 1   602
0 0 1 1 0 0 1 0 1 1 0 0 1 1 1 0   603
1 0 1 1 0 0 0 0 0 1 0 0 1 1 1 0   604
0 1 1 1 1 0 0 0 1 1 0 0 0 1 0 0   605
0 1 1 0 0 0 1 0 0 1 1 0 0 1 0 1   606
0 0 0 1 1 0 0 1 0 1 1 0 0 0 0 1   607
1 0 1 1 1 0 0 0 0 1 1 0 0 0 1 0   608
1 0 0 0 1 0 0 1 0 1 1 0 0 1 1 0   609
1 0 0 1 0 0 0 1 0 1 1 0 0 0 0 1   610
1 0 0 1 0 0 1 1 0 1 1 0 1 0 0 1   611
1 0 0 1 0 0 1 1 0 1 1 1 1 0 0 1   612
1 0 1 1 0 0 0 0 0 1 1 0 0 0 1 1   613
1 0 1 0 0 0 0 1 0 1 1 0 1 0 0 1   614
1 0 0 0 0 0 0 1 0 1 1 1 0 0 0 1   615
1 0 1 0 0 0 0 1 0 1 1 1 1 1 0 1   616
1 0 1 0 0 0 1 1 1 1 1 0 0 1 1 0   617
1 0 1 1 0 1 1 1 1 1 1 0 0 0 0 1   618
0 0 1 0 0 0 1 1 1 1 1 0 1 1 1 0   619
1 0 1 0 0 1 1 1 1 1 0 1 0 0 1 1   620
0 0 1 0 0 0 1 0 1 1 1 0 1 0 1 1   621
0 0 1 1 0 1 0 0 1 1 0 0 1 1 0 1   622
1 0 1 1 0 1 1 1 1 1 1 0 0 0 1 1   623
0 0 1 0 0 0 1 1 1 1 1 0 0 0 0 1   624
1 0 1 0 0 0 1 1 1 1 1 0 1 0 1 1   625
0 0 1 0 0 0 1 1 1 0 1 1 0 0 1 1   626
0 0 1 1 0 0 1 1 1 1 0 1 0 0 0 1   627
0 0 1 0 0 0 1 1 1 1 1 0 0 0 0 1   628
0 0 0 1 0 0 0 0 1 1 0 0 0 0 0 0   629
1 0 1 0 0 1 1 1 0 1 0 0 0 1 0 0   630
0 0 1 0 1 0 0 0 0 1 0 0 1 0 0 0   631
1 0 1 1 1 0 1 1 0 1 0 0 0 0 0 1   632
0 0 0 1 0 0 1 1 1 0 1 0 1 1 0 1   633
1 0 1 1 0 0 0 0 0 1 0 0 1 0 0 0   634
1 0 1 0 1 0 1 1 1 1 1 0 1 0 0 1   635
1 0 1 1 1 0 0 1 0 1 1 0 0 0 1 1   636
0 0 0 0 0 0 1 0 0 1 1 0 0 1 0 1   637
1 0 0 1 0 0 0 1 0 1 1 0 1 0 0 0   638
1 0 1 1 0 0 1 1 1 0 1 0 1 1 0 0   639
1 0 1 1 0 0 0 0 0 1 0 0 0 1 0 0   640
1 0 0 1 1 0 1 0 0 1 1 0 1 0 0 1   641
1 0 1 1 1 0 1 1 1 1 0 0 1 0 0 1   642
0 0 0 1 1 1 1 1 0 0 1 0 1 0 0 1   643
0 1 1 1 0 0 0 0 0 1 0 0 1 0 0 0   644
0 0 1 0 1 0 1 1 1 1 0 0 0 1 1 0   645
1 1 0 0 0 0 0 1 1 1 1 0 1 1 0 1   646
0 0 1 1 0 0 0 0 0 1 0 0 1 1 1 0   647
0 0 1 1 0 0 1 0 0 1 1 0 1 0 0 1   648
1 0 1 0 1 1 1 1 1 1 0 0 1 0 0 1   649
0 0 0 0 0 0 1 1 0 1 0 0 1 0 0 0   650
0 0 0 0 0 0 1 1 0 1 1 0 0 1 0 1   651
0 0 0 1 0 0 1 1 0 1 1 0 1 0 0 1   652
0 0 0 1 0 0 1 0 0 1 1 0 1 1 0 1   653
1 0 1 0 0 0 1 1 1 1 1 0 1 0 0 1   654
1 0 1 1 0 0 1 1 0 1 1 0 0 0 0 1   655
0 0 1 1 0 0 0 1 0 1 1 0 1 0 0 0   656
0 0 0 1 0 0 1 0 0 1 1 0 1 0 0 1   657
0 1 1 0 1 0 1 0 0 1 1 0 1 1 0 0   658
0 0 0 1 0 0 1 0 0 1 0 0 0 0 0 0   659
0 1 1 1 0 1 1 0 0 1 0 0 0 1 1 1   660
1 1 1 0 0 1 1 1 0 1 1 0 1 1 1 1   661
1 0 1 1 0 0 1 0 0 1 1 0 0 0 0 1   662
1 0 1 1 0 0 1 0 0 1 0 0 0 0 1 0   663
1 0 1 1 0 0 0 1 0 1 1 1 1 0 0 0   664
1 0 1 1 0 0 1 0 0 1 1 0 1 1 0 1   665
1 0 1 1 0 0 0 0 0 1 0 0 1 1 0 0   666
1 0 1 0 0 1 1 1 1 1 0 0 1 1 0 0   667
1 0 0 1 1 0 1 1 0 1 1 0 1 1 0 1   668
1 0 0 1 1 0 1 1 0 1 1 0 1 1 0 1   669
1 0 0 1 1 0 1 1 0 1 1 0 1 0 1 1   670
0 1 0 0 0 1 0 0 1 1 1 0 0 1 1 1   671
1 0 0 1 0 1 0 1 0 1 1 0 1 0 1 1   672
1 0 0 0 0 1 1 1 0 0 1 0 1 1 0 1   673
1 0 0 0 0 0 0 1 0 1 1 0 1 0 0 1   674
1 0 1 1 0 0 0 1 0 1 1 0 1 0 0 1   675
1 0 0 1 0 0 0 1 0 1 1 0 0 0 0 1   676
1 0 0 1 0 0 1 1 1 1 1 0 1 1 1 1   677
0 0 1 1 1 0 0 1 0 1 1 0 1 0 0 1   678
1 0 1 0 0 0 0 1 0 1 1 0 1 0 0 0   679
0 0 0 0 1 0 0 1 0 1 0 0 1 0 0 1   680
0 0 0 1 1 1 0 1 0 1 1 0 1 1 0 1   681
1 1 1 1 0 1 0 1 0 1 0 0 0 0 0 1   682
0 0 0 0 0 0 1 1 0 1 0 0 1 1 0 0   683
1 0 0 1 1 0 0 1 0 1 0 0 1 0 0 1   684
0 1 0 1 1 0 0 1 0 1 1 0 1 0 0 0   685
1 1 0 1 1 0 1 1 0 1 1 1 1 0 0 1   686
1 0 0 1 1 0 0 1 0 1 1 0 1 0 0 1   687
1 0 0 1 0 0 1 0 0 1 1 1 1 0 1 0   688
0 0 1 1 0 0 1 1 0 1 1 0 1 0 0 1   689
0 0 1 0 0 0 1 1 1 1 0 1 1 1 1 0   690
1 0 1 1 0 1 0 1 1 1 0 1 1 1 0 1   691
0 0 1 1 0 1 1 1 1 1 0 0 1 1 0 0   692
0 0 0 0 0 1 0 0 0 0 1 0 0 0 1 0   693
0 0 1 1 1 0 1 1 0 1 0 0 1 1 0 0   694
0 0 1 1 0 0 0 1 0 1 0 0 1 0 0 1   695
1 0 0 0 1 0 1 1 0 1 0 0 1 1 0 1   696
1 1 0 1 0 0 0 1 0 0 1 1 1 0 0 1   697
0 0 1 0 1 1 0 1 0 1 1 0 1 1 0 0   698
1 0 0 1 0 0 0 1 0 1 1 0 1 0 0 0   699
0 1 0 1 1 0 1 1 0 1 0 0 1 0 0 1   700
0 0 0 1 1 0 1 1 0 1 0 0 0 1 0 1   701
0 0 0 1 1 0 0 1 0 1 1 0 1 0 0 1   702
0 0 0 1 1 0 1 1 0 1 0 0 1 0 0 1   703
0 1 0 1 0 0 0 0 0 1 1 0 1 0 0 1   704
0 1 0 1 1 0 0 1 0 1 1 0 1 0 0 1   705
0 0 1 1 0 0 0 1 0 1 1 0 1 0 0 1   706
0 0 1 1 0 0 1 1 0 1 0 0 1 1 1 0   707
1 0 0 1 1 0 1 1 0 0 0 0 1 0 1 0   708
1 0 0 0 1 1 1 1 0 0 0 0 1 1 1 0   709
1 0 0 0 0 0 0 1 0 1 1 1 1 0 1 1   710
0 1 0 1 0 1 1 1 0 1 0 0 1 1 0 1   711
1 0 1 1 0 0 1 1 0 1 0 0 0 1 0 1   712
1 0 0 1 1 0 1 1 0 1 0 0 1 0 0 1   713
0 1 0 0 0 1 1 1 1 0 1 0 1 0 1 1   714
1 1 0 0 0 1 1 1 0 1 1 0 1 1 1 0   715
1 0 1 0 0 0 1 0 0 0 1 0 0 0 1 1   716
1 0 1 1 0 0 1 0 0 0 1 0 1 0 1 1   717
1 1 0 1 0 0 0 1 1 0 1 1 1 0 0 1   718
0 0 1 1 0 0 1 1 0 0 0 0 1 1 1 0   719
1 1 1 1 0 0 0 1 0 1 0 0 0 0 0 1   720
0 1 1 1 0 0 1 1 0 1 1 0 1 1 0 0   721
0 0 1 0 0 1 1 1 1 1 0 1 1 0 1 1   722
0 0 1 0 1 1 1 1 1 1 1 1 1 0 0 0   723
1 0 1 0 0 0 0 1 1 1 1 0 0 0 1 0   724
1 0 1 0 0 0 1 1 1 1 1 1 1 0 0 1   725
1 0 0 0 0 0 0 1 0 1 1 1 1 0 0 0   726
1 0 0 1 0 0 0 1 0 1 0 0 1 0 0 1   727
1 1 1 1 0 1 0 0 0 1 0 0 1 0 0 1   728
1 0 0 1 0 0 1 1 0 1 0 0 1 1 0 1   729
1 0 0 1 0 0 0 1 0 1 0 0 0 1 0 1   730
1 0 1 1 0 0 0 0 0 1 0 0 0 0 0 1   731
1 1 1 1 0 0 0 0 1 1 0 0 0 1 1 0   732
0 0 1 1 0 0 0 0 1 1 0 0 0 1 1 0   733
1 0 1 1 0 0 1 0 0 1 0 0 1 1 1 0   734
1 0 1 1 0 0 1 0 0 1 0 0 1 0 1 1   735
0 0 1 1 0 0 1 1 0 0 0 0 1 0 0 1   736
0 0 1 1 0 0 1 0 0 1 1 0 1 1 0 0   737
1 0 1 1 1 0 1 0 0 1 0 0 1 0 1 1   738
0 0 0 1 0 0 0 1 0 1 0 0 1 0 0 1   739
1 1 0 1 0 1 1 1 1 1 0 0 1 0 0 0   740
0 0 1 1 0 0 1 0 0 1 1 0 1 0 0 1   741
0 0 1 1 0 0 1 1 0 0 1 0 0 1 0 0   742
1 0 1 1 0 0 0 1 0 1 0 0 1 0 0 0   743
0 0 1 1 0 0 1 0 0 1 1 0 1 0 0 1   744
1 0 1 0 0 0 1 1 1 1 1 0 1 0 1 0   745
0 0 0 1 0 0 1 1 0 0 0 0 1 0 0 1   746
1 0 1 0 1 0 1 1 0 0 0 0 1 0 1 1   747
0 1 1 1 0 1 1 1 0 1 0 0 1 0 0 1   748
0 0 1 1 0 1 0 1 0 0 1 0 1 1 0 0   749
0 1 1 0 0 1 1 0 1 1 1 0 1 1 1 1   750
0 0 1 0 1 0 1 0 0 1 1 0 1 1 1 1   751
0 0 0 1 1 0 1 1 0 0 1 0 1 0 0 1   752
0 0 1 1 1 0 1 1 0 0 0 0 1 0 0 0   753
1 0 1 1 0 0 1 1 0 0 0 1 1 1 0 1   754
0 0 1 1 1 0 1 1 0 1 1 0 1 1 1 0   755
0 1 0 0 0 1 0 1 0 1 0 1 1 0 0 0   756
1 0 1 1 0 1 0 1 0 1 0 0 1 0 0 0   757
0 0 1 1 0 0 1 1 0 1 1 0 1 0 0 1   758
0 0 1 1 0 1 0 1 0 1 0 0 1 0 0 1   759
0 0 1 1 0 1 1 1 1 0 1 0 0 0 0 0   760
0 0 0 1 0 1 1 1 1 0 1 0 0 0 0 1   761
0 0 1 1 0 0 1 0 0 1 0 0 0 0 0 0   762
1 0 1 1 0 0 0 0 0 1 1 0 1 0 0 1   763
1 0 1 0 0 0 0 1 1 0 1 0 1 0 1 1   764
1 0 0 1 0 0 1 1 0 1 1 0 1 1 0 1   765
1 0 1 0 0 1 1 1 1 1 1 0 1 1 1 1   766
1 1 1 0 0 0 1 0 0 1 0 0 1 0 1 1   767
1 0 0 1 0 1 0 1 0 1 1 1 0 0 0 1   768
1 1 1 1 0 0 0 1 0 1 1 0 1 0 0 1   769
0 0 1 0 0 0 0 0 1 1 0 0 0 0 1 0   770
1 0 0 1 0 0 1 1 0 1 0 0 1 0 0 1   771
1 0 0 1 0 0 0 1 0 1 1 0 0 1 0 1   772
0 0 1 0 1 0 1 1 1 1 1 0 1 1 1 0   773
1 0 1 0 0 0 0 1 0 0 1 0 1 0 0 0   774
1 1 1 1 0 0 1 1 0 1 1 0 0 0 0 0   775
0 1 1 1 0 0 1 1 0 1 1 0 1 0 0 0   776
1 0 1 1 0 0 0 0 0 1 0 0 1 0 1 0   777
1 0 0 1 0 0 1 1 0 1 1 0 0 0 0 1   778
1 0 1 1 0 0 1 1 0 1 1 0 0 0 0 1   779
1 0 1 0 1 0 1 1 1 1 1 0 1 0 0 1   780
0 1 1 1 1 0 1 1 0 1 1 0 1 1 0 1   781
0 0 0 1 1 0 1 1 0 1 1 0 0 0 0 1   782
1 0 1 1 1 0 0 1 0 1 1 0 1 0 0 0   783
1 0 0 1 0 0 0 1 0 1 1 1 1 0 0 1   784
1 0 0 0 0 1 1 1 0 1 0 1 0 1 0 1   785
0 0 1 1 0 0 1 1 0 1 1 0 1 0 0 1   786
1 1 1 1 0 0 0 0 0 1 0 0 0 1 0 0   787
1 0 1 0 0 0 1 0 1 1 1 0 1 0 0 1   788
0 1 1 1 0 1 0 1 1 0 0 0 1 0 1 0   789
0 0 1 0 0 0 1 0 0 1 1 0 1 0 1 1   790
1 0 1 1 0 0 1 1 0 1 1 1 1 0 0 1   791
1 0 0 1 0 0 1 1 0 1 1 0 1 0 0 1   792
1 0 1 0 0 0 0 0 1 1 1 0 1 0 1 0   793
1 1 1 1 1 0 1 1 0 1 0 0 0 1 1 1   794
1 0 1 1 0 0 1 1 0 1 1 0 0 0 0 1   795
1 0 1 0 0 0 0 0 0 0 1 0 1 1 0 1   796
1 0 0 1 0 0 0 1 0 1 1 0 1 1 0 1   797
1 0 1 1 1 0 1 0 0 1 0 0 1 0 0 1   798
1 0 0 1 0 0 1 1 0 1 1 0 1 0 0 1   799
0 1 0 0 0 0 1 1 1 1 1 1 0 0 0 1   800
1 0 1 0 0 0 0 1 0 0 1 0 1 0 0 1   801
1 0 1 1 1 0 1 0 0 1 0 0 1 0 0 1   802
1 1 1 1 0 0 0 1 0 0 0 1 0 1 0 1   803
0 0 0 0 1 0 1 1 0 1 0 0 1 0 0 1   804
1 0 1 1 0 1 1 0 1 1 0 0 0 0 1 1   805
1 0 0 1 0 1 1 1 1 1 0 0 1 0 0 1   806
0 0 1 1 0 1 1 1 1 1 0 0 1 0 0 0   807
0 0 1 1 0 0 1 1 1 1 1 0 1 1 0 1   808
1 0 1 1 0 1 1 1 0 1 1 0 0 0 0 1   809
1 0 0 1 0 0 1 0 0 1 0 0 0 0 0 1   810
1 0 0 1 0 1 1 0 0 1 0 0 1 0 0 0   811
0 1 1 0 0 1 1 0 1 1 1 0 1 1 0 1   812
1 0 0 0 0 0 1 0 0 1 0 0 1 1 0 1   813
1 0 1 1 1 1 1 1 0 1 1 0 0 0 0 1   814
0 1 1 0 0 0 1 1 0 1 1 0 1 1 1 1   815
0 0 1 1 0 0 1 1 0 1 1 0 0 1 0 0   816
1 0 1 1 0 0 1 0 0 1 0 0 0 0 0 1   817
1 0 1 0 1 0 1 1 1 1 1 0 1 0 1 0   818
1 1 0 1 0 0 0 1 0 1 0 1 0 0 0 1   819
0 0 1 0 0 0 1 1 1 1 0 0 1 1 1 0   820
1 0 1 1 0 0 1 1 0 1 0 0 0 0 0 1   821
1 0 0 0 0 0 0 1 1 1 0 0 0 0 0 1   822
1 1 0 1 0 0 1 1 0 1 0 0 1 0 0 1   823
1 0 1 1 0 1 1 1 1 1 0 0 1 1 0 1   824
1 0 1 1 0 0 1 1 1 1 1 0 0 0 0 0   825
1 1 1 1 0 0 1 1 1 0 0 0 1 1 0 1   826
1 0 1 1 0 1 1 1 1 1 0 0 1 0 1 0   827
1 0 1 1 0 1 1 1 0 1 1 1 1 0 1 0   828
1 0 1 1 0 0 1 1 0 1 1 0 1 0 0 1   829
1 0 1 0 0 1 0 1 1 1 0 0 0 1 0 1   830
0 0 1 1 0 0 0 0 0 1 0 0 0 1 1 0   831
1 0 0 1 0 0 0 1 0 0 0 0 1 0 0 0   832
1 1 0 0 0 1 1 1 1 1 1 0 1 1 0 1   833
1 0 0 1 0 0 0 1 0 1 1 1 1 0 0 1   834
1 0 1 0 0 0 1 1 0 1 0 0 1 0 0 0   835
0 0 1 1 1 1 1 0 0 1 0 0 1 1 0 0   836
1 1 1 1 0 0 1 0 0 1 0 0 1 0 0 1   837
0 0 1 0 0 0 0 1 0 1 1 0 1 1 0 1   838
1 1 1 0 0 0 0 1 0 1 1 0 1 0 1 0   839
1 0 1 0 0 0 0 1 0 1 1 1 0 0 1 0   840
0 0 0 0 0 0 1 1 1 1 1 0 1 0 0 0   841
1 0 1 0 0 0 0 1 0 1 1 0 1 1 1 1   842
0 0 1 0 0 0 0 0 0 1 1 0 0 1 1 1   843
1 0 0 0 0 0 0 1 0 0 1 1 1 0 0 0   844
0 0 0 1 0 0 1 1 0 1 1 0 1 1 0 0   845
1 0 1 0 0 0 1 1 0 1 1 0 1 1 0 0   846
1 0 0 1 0 0 1 0 0 0 0 0 0 0 0 1   847
1 0 0 1 0 0 1 0 0 1 1 0 0 0 0 1   848
1 0 1 0 0 0 0 1 0 1 1 0 1 0 1 1   849
1 0 0 1 0 0 1 1 0 1 1 0 1 0 0 1   850
1 0 1 1 0 0 1 1 0 1 0 0 0 1 0 1   851
1 0 1 0 0 0 1 1 1 0 0 0 0 0 1 1   852
1 0 1 0 1 0 1 1 1 1 0 0 0 0 1 1   853
0 0 1 1 0 0 1 1 1 1 0 0 1 0 0 0   854
1 0 0 1 0 0 1 1 0 1 0 0 1 0 0 1   855
0 0 1 1 0 1 0 1 1 1 0 0 0 0 0 1   856
0 1 1 1 0 0 1 1 0 1 1 0 1 1 0 1   857
1 0 1 1 0 0 1 0 0 1 1 0 0 0 0 1   858
1 0 0 0 1 1 1 1 0 0 1 0 1 0 0 0   859
0 1 1 1 0 1 0 1 0 1 0 0 0 0 1 0   860
0 1 1 1 0 0 0 1 0 1 0 0 0 0 0 1   861
1 0 1 1 0 0 1 1 0 1 1 1 0 0 0 1   862
1 0 0 1 0 0 1 1 0 1 0 0 0 0 0 1   863
0 1 1 1 0 1 1 1 0 1 0 0 0 1 0 1   864
1 0 1 1 0 0 1 0 0 1 0 0 0 0 0 1   865
1 0 1 0 0 0 1 1 1 1 1 0 1 0 1 1   866
1 0 1 0 0 0 0 1 1 1 1 0 0 0 1 0   867
1 0 1 1 0 0 1 1 0 1 1 0 1 1 0 1   868
1 1 0 0 0 1 0 1 0 1 1 0 1 1 0 1   869
1 1 1 1 0 0 1 1 0 1 1 0 0 0 0 1   870
1 0 0 1 0 0 1 1 0 1 0 0 1 0 0 1   871
1 0 1 0 0 0 0 0 0 1 0 0 1 0 0 1   872
1 0 1 1 0 0 1 1 0 1 1 0 1 1 0 1   873
1 0 1 1 0 0 1 0 0 1 0 1 1 1 0 1   874
1 0 1 1 0 0 0 0 1 1 0 0 1 0 0 1   875
1 0 1 1 0 0 0 1 0 1 1 0 1 0 0 0   876
1 0 1 0 0 0 1 1 1 1 0 0 0 0 1 1   877
0 0 1 1 0 1 0 1 0 1 1 0 1 0 0 1   878
1 1 1 1 1 1 1 1 1 1 1 0 1 0 1 0   879
1 0 0 1 0 0 1 1 0 1 0 0 1 1 1 0   880
1 0 0 1 0 0 1 1 0 1 1 0 1 0 1 0   881
1 0 0 0 0 0 1 1 0 1 1 0 1 0 1 1   882
1 0 1 1 1 0 0 1 0 1 0 0 1 0 0 1   883
0 0 0 0 1 0 0 1 0 1 1 0 1 0 0 1   884
1 1 0 1 0 0 1 0 0 1 1 1 1 1 0 0   885
1 0 0 1 1 0 1 1 0 1 0 0 1 0 0 0   886
0 0 0 1 0 0 1 0 1 0 1 0 1 1 0 0   887
1 0 0 1 0 1 0 0 0 1 1 0 1 0 0 1   888
1 0 0 1 0 0 0 1 0 1 0 0 0 0 0 0   889
1 0 0 1 0 0 1 1 0 1 0 1 1 1 1 0   890
0 0 0 0 0 0 0 1 0 0 1 0 1 1 0 0   891
1 0 1 1 0 0 0 1 0 1 1 0 1 0 0 1   892
0 0 1 1 0 0 1 1 0 1 0 0 1 0 0 1   893
0 0 1 0 0 0 1 1 0 1 0 0 1 0 0 0   894
1 0 1 0 0 0 0 0 0 1 0 0 1 0 1 0   895
1 1 0 1 1 0 0 1 0 1 1 0 1 0 0 1   896
0 0 0 1 0 1 0 0 0 1 1 0 1 0 0 0   897
1 0 1 0 0 0 0 0 0 1 1 0 1 0 1 0   898
1 0 1 1 0 0 1 1 0 1 0 0 1 0 1 1   899
1 0 1 1 0 0 1 1 1 1 1 0 1 0 0 1   900
1 0 1 0 0 0 1 1 0 1 0 0 1 1 0 1   901
1 0 1 0 1 0 1 1 0 1 0 1 1 1 0 1   902
1 0 1 1 1 0 1 0 0 1 1 0 1 1 1 1   903
1 1 1 1 0 1 0 1 1 1 1 0 1 0 0 1   904
1 0 1 1 0 0 0 1 1 1 0 0 1 1 0 0   905
0 0 1 1 0 0 1 1 0 1 1 0 1 1 0 1   906
1 0 0 1 0 1 1 0 0 1 1 0 1 0 1 1   907
0 0 1 0 1 0 1 1 0 0 0 0 1 0 1 0   908
0 0 1 1 0 0 0 0 0 1 1 0 0 1 0 0   909
0 1 0 1 0 1 0 1 1 1 0 0 1 0 1 1   910
0 1 1 1 0 1 0 1 0 1 1 0 1 1 0 0   911
0 0 1 1 0 1 0 1 1 1 1 0 1 0 0 1   912
0 1 1 1 0 0 1 1 1 1 1 0 1 0 1 1   913
0 1 1 1 0 0 1 1 1 1 1 0 1 0 0 1   914
1 0 1 1 0 0 0 0 1 1 1 0 1 0 0 1   915
1 0 1 1 1 0 1 0 1 1 0 0 1 0 1 1   916
1 0 1 1 0 0 0 1 0 1 0 0 1 1 0 1   917
1 0 0 1 0 0 1 0 0 1 1 0 1 0 0 1   918
0 0 0 0 1 0 1 0 0 1 1 0 1 0 0 1   919
1 0 0 1 0 0 1 0 1 1 1 0 0 0 0 1   920
1 0 0 1 1 0 0 0 0 1 1 0 1 0 1 1   921
1 0 1 1 1 0 1 1 0 1 1 0 1 0 0 1   922
1 0 1 1 1 0 0 1 0 1 1 0 1 1 0 1   923
0 0 1 1 1 0 0 1 0 1 1 0 1 0 0 1   924
0 0 0 1 1 1 1 1 0 1 0 0 1 1 0 1   925
1 0 1 1 0 0 1 0 0 1 0 0 0 1 0 1   926
1 1 1 1 0 0 1 1 0 1 1 1 0 0 0 1   927
1 1 1 0 0 0 0 1 0 1 1 0 0 1 1 1   928
1 0 1 1 1 0 1 1 0 1 0 0 1 0 0 1   929
0 1 1 0 0 0 1 1 1 1 0 0 1 1 1 0   930
0 1 1 1 0 0 0 1 0 1 1 0 1 0 0 1   931
1 1 1 1 0 0 0 0 0 1 1 0 1 0 1 1   932
1 0 0 1 0 0 1 1 0 1 0 1 0 0 0 1   933
0 0 0 1 0 1 1 1 0 1 1 0 0 0 0 1   934
1 0 0 1 0 0 0 1 0 1 1 1 1 1 0 1   935
1 0 1 1 0 0 1 0 0 1 1 0 0 0 0 1   936
0 1 1 0 0 0 0 1 0 1 1 0 0 1 0 0   937
1 0 1 1 0 0 1 0 0 1 1 1 1 0 1 1   938
1 1 1 0 0 0 0 0 0 1 0 0 0 1 1 0   939
1 0 0 0 1 1 1 1 0 1 1 1 1 0 0 1   940
1 0 0 1 0 0 0 1 0 1 1 1 1 0 0 1   941
0 0 0 1 1 0 1 0 0 1 1 1 1 0 0 1   942
1 0 1 1 0 0 0 0 0 1 0 0 1 0 1 0   943
1 0 1 1 0 1 0 1 0 1 0 0 0 1 0 1   944
1 0 1 1 0 1 0 1 0 1 0 0 0 1 0 1   945
1 0 1 1 0 0 0 0 1 1 0 0 0 1 0 1   946
1 0 0 1 0 0 0 1 0 1 1 1 1 0 0 1   947
1 0 0 1 0 0 0 1 0 1 1 1 1 0 0 1   948
1 0 0 1 0 0 0 1 0 1 0 1 1 0 0 1   949
1 0 0 1 1 1 1 0 0 1 1 0 1 0 0 1   950
1 0 1 1 0 1 1 1 0 1 0 0 1 0 0 1   951
0 0 1 0 0 1 1 1 1 1 1 0 1 1 1 1   952
0 0 1 1 0 1 1 1 0 1 1 0 0 1 0 1   953
0 1 1 1 0 0 1 1 0 1 0 1 0 1 0 1   954
1 0 1 0 0 0 0 1 0 1 1 1 1 0 0 1   955
0 0 1 1 0 0 0 1 0 1 1 0 1 0 0 1   956
1 0 0 1 0 0 0 0 0 1 1 0 1 0 0 1   957
1 0 1 1 0 0 1 0 1 1 0 0 1 1 0 1   958
1 0 1 0 0 0 0 1 0 1 1 0 1 1 1 1   959
1 0 1 1 1 0 1 0 0 1 0 0 1 0 0 1   960
0 0 0 1 1 0 1 1 0 1 0 0 1 1 0 1   961
1 0 1 1 0 0 1 1 0 1 1 0 0 0 0 1   962
1 0 1 1 0 0 0 0 0 1 0 0 0 1 0 1   963
1 0 0 1 0 0 0 1 0 1 0 0 1 0 0 1   964
1 0 1 1 0 1 1 1 0 1 1 0 1 1 0 1   965
1 0 0 1 0 0 0 1 0 1 1 1 1 0 0 1   966
1 0 1 0 0 0 1 1 0 1 1 0 1 0 1 1   967
1 0 0 1 0 0 1 1 0 1 1 1 0 0 0 1   968
1 0 1 1 0 0 1 1 0 1 1 1 0 0 0 1   969
1 1 1 1 0 1 1 1 1 1 0 0 1 0 1 0   970
1 0 0 0 0 0 0 0 0 0 1 0 0 0 0 1   971
1 0 1 1 0 1 0 1 0 1 0 0 0 1 0 1   972
1 0 1 1 0 1 0 0 0 1 0 0 0 0 0 1   973
1 0 1 1 0 1 1 1 0 1 0 0 0 1 0 1   974
0 0 1 1 0 0 0 1 0 1 0 0 1 0 0 1   975
1 0 1 1 0 1 0 1 0 1 0 0 0 1 0 1   976
0 0 0 1 1 0 0 1 1 1 0 0 0 1 1 1   977
0 0 1 0 0 0 1 1 0 1 1 0 1 0 0 1   978
1 0 1 1 0 1 1 0 1 1 0 0 1 1 1 0   979
1 1 0 1 0 0 1 0 0 1 0 0 0 0 0 1   980
1 0 0 1 0 0 0 1 0 1 1 0 1 0 1 1   981
1 0 1 0 0 1 0 1 0 1 1 0 1 0 0 0   982
1 0 1 1 0 0 1 1 0 1 1 0 0 0 0 1   983
1 0 0 1 0 0 1 1 0 1 1 0 1 0 0 1   984
0 0 1 1 0 0 1 1 0 1 1 0 0 1 0 0   985
1 1 1 0 1 0 0 1 0 1 1 0 0 1 1 0   986
1 0 1 1 0 1 1 1 1 1 0 0 1 0 1 1   987
1 0 0 1 0 1 0 1 1 1 0 0 1 1 0 1   988
0 0 0 1 0 1 1 1 0 1 0 1 0 1 0 1   989
1 0 1 0 0 0 0 1 1 1 1 1 1 1 0 1   990
1 0 1 1 0 0 1 1 0 1 1 0 1 0 0 1   991
1 0 1 0 1 0 0 1 0 0 1 0 1 0 1 0   992
1 0 0 1 1 1 0 1 1 1 1 0 1 1 0 0   993
0 0 0 1 0 1 0 1 1 0 0 0 1 1 0 0   994
0 0 0 1 0 0 0 1 0 1 1 0 1 0 0 0   995
0 0 0 1 1 1 0 1 1 1 0 0 1 1 0 0   996
1 0 1 1 0 1 0 1 1 1 0 0 1 1 0 0   997
1 0 1 1 1 0 1 1 0 1 0 0 1 0 0 0   998
1 1 1 1 0 1 1 0 0 1 1 0 0 0 0 1   999
1 0 0 1 0 0 0 0 0 1 1 0 1 1 0 1   1000